Sample,1,2,3,4
﻿TB12.2644.A,42.78001136,53.81921167,51.23509763,59.49303868
TB12.2644.C,41.6403253,46.27071818,16.38022303,36.30962474
TB12.2644.E,40.95370196,10.42519097,18.2353096,22.842289
TB12.2697.A,14.84203531,0,0,0
TB12.2697.C,8.9285952,13.37463887,0,0
TB12.2697.E,8.473335193,0,0,0
TB12.3023.A,27.6613255,31.62350124,0,0
TB12.3023.C,0,19.99732228,0,9.514821913
TB12.3023.E,0,17.49478585,34.49000519,0
TB12.3057.A,0,41.68467883,0,4.878812648
TB12.3057.C,0,9.805626735,13.15456453,19.19449228
TB12.3057.E,0,0,0,0
TB12.3158.A,0,0,0,0
TB12.3158.C,0,7.488663468,0,0
TB12.3158.E,0,0,0,0
TB12.3267.A,0,0,0,0
TB12.3267.C,13.58698041,0,0,0
TB12.3267.E,16.52191186,12.92673101,32.4511175,0
TB12.3445.A,0,7.207767363,0,10.28797815
TB12.3445.C,5.834714576,0,0,4.621584296
TB12.3445.E,1.294723982,10.82901708,30.08815819,12.29627427
TB12.3570.A,13.55338466,0,4.807069054,7.009087718
TB12.3570.C,0,0,0,0
TB12.3570.E,0,22.37767162,9.968919879,0
TB13.0002.A,31.73782485,23.68177362,33.00364494,15.99654822
TB13.0002.C,23.45087423,20.76388661,0,19.76345621
TB13.0002.E,10.03139978,5.510719115,23.77596207,17.57874357
TB13.0029.A,0,0,18.00468267,26.91141218
TB13.0029.C,0,0,6.808111556,0
TB13.0029.E,0,0,0,0
TB13.0081.A,18.83114231,22.35030939,18.68169355,20.60040974
TB13.0081.C,29.44653629,23.49328632,34.03728208,24.29718602
TB13.0081.E,26.55738019,25.38705501,18.59791865,32.96751992
TB13.0083.A,7.173572979,0,13.23297667,3.98466852
TB13.0083.C,0,0,11.96580663,7.700671899
TB13.0083.E,0,0,0,0
TB13.0084.A,9.480805313,6.461952769,0,0
TB13.0084.C,0,0,4.295892637,0
TB13.0084.E,0,0,0,0
TB13.0147.A,2.548508442,5.397372764,0,4.862801007
TB13.0147.C,11.8855823,18.6345046,12.36828653,0
TB13.0147.E,15.40588629,14.66853414,2.810475679,0
TB13.0189.A,23.51680693,22.25678551,12.67384738,33.41882404
TB13.0189.C,12.95150939,14.17911087,25.82159613,15.35081886
TB13.0189.E,13.16253489,0,12.7069009,19.15050198
TB13.0218.A,9.328659054,0,7.620839056,13.34056001
TB13.0218.C,19.08527943,0,25.66895013,13.03213033
TB13.0218.E,35.1599123,16.22003903,28.32974463,0
TB13.0240.A,0,0,0,16.03799839
TB13.0240.C,0,0,0,0
TB13.0240.E,10.05342904,0,11.08613509,0
TB13.0242.A,30.62031178,54.77284603,24.27080403,33.53258108
TB13.0242.C,15.34126334,20.35466856,43.76143671,31.9197983
TB13.0242.E,32.15796047,25.20980528,23.70038616,36.47448234
TB13.0612.A,12.84388966,17.03079556,29.60591471,31.89350493
TB13.0612.C,24.21162167,41.81289191,41.14113177,33.60984213
TB13.0612.E,39.31532859,37.51252884,12.11448679,56.85786577
TB13.0626.A,17.85722687,42.1936857,21.02452404,18.12550661
TB13.0626.C,27.86299578,19.10100652,18.16898283,16.99227595
TB13.0626.E,48.23140914,26.93060578,20.67142167,37.93693551
TB13.0763.A,16.91348007,19.17548298,0,0
TB13.0763.C,26.2129112,0,14.64539029,13.41099529
TB13.0763.E,14.6802729,19.86282481,31.68741302,28.35241894
TB13.0774.A,11.41007355,10.383029,0,11.02316158
TB13.0774.C,0,0,0,0
TB13.0774.E,0,0,0,0
TB13.0775.A,7.548354532,10.52054093,20.61544207,9.386424887
TB13.0775.C,5.495286794,8.541815198,30.97592772,27.13718594
TB13.0775.E,26.17711993,5.850367371,0,0
TB13.0776.A,9.556326165,6.153797879,0,0
TB13.0776.C,16.68157259,13.71443267,5.84960902,21.49591697
TB13.0776.E,11.98675403,7.564683447,12.60279816,0
TB13.0828.A,32.78465753,22.42831228,10.77336304,19.15964609
TB13.0828.C,32.54621589,29.19517947,18.62776195,21.5827865
TB13.0828.E,36.29162454,30.92217055,28.61122089,33.68247794
TB13.1084.A,8.144047995,0,0,0
TB13.1084.C,0,0,0,0
TB13.1084.E,0,0,0,0
TB13.1085.A,0,0,0,0
TB13.1085.C,0,5.715277411,6.627819022,0
TB13.1085.E,4.899150742,7.472056976,0,11.04064608
TB13.1101.A,0,25.56494372,0,0
TB13.1101.C,9.144312001,21.93014946,13.28178757,24.50710719
TB13.1101.E,0,6.234567048,0,11.58936871
TB13.1155.A,5.193497421,7.266138692,7.005132603,15.08503451
TB13.1155.C,4.4479572,0,12.49325152,11.06851452
TB13.1155.E,8.762095751,11.37245829,6.310291473,17.97199141
TB13.1376.A,23.66199098,36.04607858,37.65702824,28.87856104
TB13.1376.C,34.14198076,30.81390434,30.84045188,36.26965437
TB13.1376.E,17.30988224,16.63112466,44.08999284,23.76430321
TB13.1416.A,33.07411373,43.84285057,46.47439902,22.67961183
TB13.1416.C,28.28681402,18.24603884,34.92254061,16.48031761
TB13.1416.E,22.38245508,24.86521946,28.64510935,43.81133834
TB13.1436.A,70.5267299,64.79827311,35.89226215,54.87062975
TB13.1436.C,21.1571792,11.13862312,29.50542795,33.44061574
TB13.1436.E,14.66393983,14.92188917,15.03948845,12.78508981
TB13.2128.A,14.56660913,5.548577204,19.81087291,9.305851192
TB13.2128.C,12.20761744,5.301724324,21.8232871,16.91184937
TB13.2128.E,0,0,0,24.01353257
TB13.2533.A,0,6.208060187,0,10.14024018
TB13.2533.C,0,38.59796185,7.140135382,0
TB13.2533.E,12.06252734,11.95163823,36.98649485,38.98302414
TB13.2559.A,23.8062451,38.8347332,50.43223695,44.21087237
TB13.2559.C,14.06690166,0,12.66433853,16.33653308
TB13.2559.E,8.45633474,20.14223397,48.83887507,30.65050167
TB13.2665.A,7.061796191,0,32.95239152,11.28061779
TB13.2665.C,7.02899131,8.010366478,0,26.27294193
TB13.2665.E,13.55967443,12.86683166,8.001240171,8.750225837
TB13.2729.A,0,11.0173984,8.501572965,11.69505007
TB13.2729.C,0,10.37439871,0,0
TB13.2729.E,7.947917329,7.925144303,19.49970342,10.68112716
TB13.2769.A,18.53334613,21.09252412,34.56671513,27.06568473
TB13.2769.C,3.847722679,29.54286456,9.104381457,17.49239295
TB13.2769.E,16.398503,11.23551945,11.84108979,41.78798981
TB13.2958.A,13.07396881,23.62178693,18.06728769,16.87010819
TB13.2958.C,31.11446278,14.68446355,19.89238353,30.37164426
TB13.2958.E,45.0338686,18.12622418,30.58963705,10.64479284
TB13.3179.A,9.988756302,31.52819311,10.67876271,11.83013437
TB13.3179.C,7.809831608,14.78891447,0,7.121005578
TB13.3179.E,9.500470443,0,14.47016392,16.86683371
TB13.3310.A,7.367078023,28.8383974,6.653589711,16.31013162
TB13.3310.C,11.9183622,11.06232127,16.48890221,16.99494832
TB13.3310.E,10.34345205,12.74525024,8.493806038,13.05711117
TB13.3312.A,10.95215581,23.87209528,14.07395368,9.165444171
TB13.3312.C,29.20621853,12.37138847,18.14885546,30.58042437
TB13.3312.E,25.42440305,16.15273967,62.25487972,12.33926888
TB13.3417.A,36.05927,38.99956038,29.5672001,9.253973332
TB13.3417.C,40.45893095,35.14243044,26.41762318,25.3732677
TB13.3417.E,36.04960286,40.00267246,35.48723788,30.5639834
TB13.3479.A,11.28108794,17.10989099,18.44282577,51.96111873
TB13.3479.C,13.28093495,19.53287817,80.07200472,15.57785123
TB13.3479.E,27.07854681,27.07034504,25.48996486,16.96639274
TB13.3491.A,0,5.698808902,25.83864173,7.746307183
TB13.3491.C,9.613927945,15.84362988,18.53567069,39.32045339
TB13.3491.E,16.20442002,7.771229405,23.64602315,13.80829638
TB13.3817.A,6.879307035,24.58531825,23.94102848,12.82812905
TB13.3817.C,4.194738119,0,9.392711029,8.157974539
TB13.3817.E,4.722564483,8.449579222,5.086506532,16.99071516
TB13.3870.A,27.76095402,42.42023315,50.65535328,25.32008355
TB13.3870.C,31.05911386,26.23696926,31.16416342,49.30495125
TB13.3870.E,25.76425159,22.28465829,17.39506681,15.58011704
TB13.4237.A,0,30.09000192,17.05269983,37.78098616
TB13.4237.C,10.30109367,5.507308967,7.231431983,32.08528421
TB13.4237.E,18.80919699,18.61714687,17.62153353,32.03075629
TB13.4350.A,5.457060262,29.57868384,11.11360508,20.04545381
TB13.4350.C,5.039639269,9.231323511,26.69339794,10.64842611
TB13.4350.E,0,16.00587526,12.78872954,42.31305672
TB14.0024.A,0,39.93130669,0,0
TB14.0024.C,13.36320784,0,18.79456375,0
TB14.0024.E,32.27450868,36.04038221,0,19.19217398
TB14.0119.A,0,0,0,0
TB14.0119.C,27.41277379,0,0,0
TB14.0119.E,0,14.24009113,0,0
TB14.0120.A,0,36.07079783,55.22133034,41.7386056
TB14.0120.C,32.72575208,0,16.88424228,0
TB14.0120.E,26.43602426,38.31405812,28.45579105,18.92959704
TB14.0144.A,0,27.55410985,19.26322034,19.42455016
TB14.0144.C,16.58711735,19.99318309,0,36.52184026
TB14.0144.E,29.75090388,0,25.95865627,20.25781192
TB14.1063.A,14.52735322,28.97446681,0,0
TB14.0163.C,13.45353679,9.975499614,15.28189109,13.98260649
TB14.1063.E,20.16356114,0,0,29.28200144
TB14.0282.A,0,16.43912968,0,32.9474198
TB14.0282.C,43.00302334,26.2778,16.43046165,21.25873644
TB14.0282.E,0,0,0,22.30009258
TB14.0339.A,9.695058872,0,0,11.61887227
TB14.0339.C,0,0,0,0
TB14.0351.E,0,0,0,11.44621921
TB14.0409.A,11.87808956,4.755372653,4.339685165,19.09587939
TB14.0409.C,0,6.680081078,0,0
TB14.0409.E,0,13.53053212,0,7.054415091
TB14.0600.A,0,0,0,34.47652249
TB14.0600.C,9.203766734,0,0,0
TB14.0600.E,0,0,0,0
TB14.1082.A,25.36915533,22.61253091,39.04540882,72.65310596
TB14.1082.C,28.84915375,13.45369685,18.59349817,0
TB14.1082.E,45.52536641,0,58.25498267,26.78515893
TB14.1128.A,37.25605,45.33587102,38.71002251,44.22672387
TB14.1182.C,36.65494488,30.2037255,67.14000683,34.02760308
TB14.1128.E,33.03749552,37.97913784,44.26933465,44.79075583
TB14.1166.A,9.660342831,13.87317827,26.65201402,0
TB14.1166.C,0,0,0,0
TB14.1166.E,0,23.55505112,20.62019631,14.24977255
TB14.1244.A,16.09602205,22.19886709,15.17697315,0
TB14.1244.C,0,8.809013726,0,0
TB14.1244.E,0,12.20511528,10.54349262,0
TB14.1273.A,0,0,0,0
TB14.1273.C,0,14.25230461,0,0
TB14.1273.E,0,0,0,0
TB14.1692.A,8.356482817,41.11780174,11.56740126,35.68049314
TB14.1692.C,40.34348404,53.03515116,0,0
TB14.1692.E,35.26661696,11.18670845,50.47772631,0
TB14.1817.A,0,10.05347433,0,0
TB14.1817.C,0,0,0,0
TB14.1818.A,0,0,0,0
TB14.1818.C,0,13.88492134,0,0
TB14.1818.E,0,0,0,0
TB14.1866.A,0,0,0,0
TB14.1866.C,0,0,0,0
TB14.1866.E,0,0,0,0
TB14.1885.A,0,14.94347299,18.77725348,49.49172843
TB14.1885.C,33.17904636,57.21909036,27.9666857,48.97505541
TB14.1885.E,40.81370495,15.8923292,0,32.56583111
TB14.1990.A,0,0,0,0
TB14.1990.C,3.74830617,0,0,0
TB14.1990.E,0,0,0,0
TB14.2196.A,0,0,23.5480705,0
TB14.2196.C,0,0,0,0
TB14.2196.E,0,22.59764961,45.33076472,0
TB14.2197.C,53.56564418,74.40313077,63.39861955,43.19896207
TB14.2197.C,53.57995145,49.93266516,26.47009246,85.2756628
TB14.2197.E,40.166047,57.03988758,66.01651834,67.0576191
TB14.2284.E,8.77749543,0,0,25.31909253
TB14.2286.A,12.14804852,0,0,33.16656415
TB14.2286.C,0,0,0,15.77123597
TB14.2286.E,24.28799284,0,10.07291636,0
TB14.2384.A,27.21146842,12.10524362,0,0
TB14.2384.C,19.02187817,0,0,0
TB14.2489.A,22.53877266,0,0,0
TB14.2489.C,11.85979305,7.487934788,17.80043515,15.24197208
TB14.2489.E,0,0,17.56182606,6.380343374
TB14.2506.A,31.47366311,0,0,0
TB14.2506.C,0,23.04051715,0,0
TB14.2506.E,17.18342496,0,0,0
